src/data/fiestas-2026/events.json
  h_3aa52f59e1a7c5 298,301-302,387,389,392-393,1800,1948
  h_3aa52f59e1a7c5 14,29,58,71-72,87,101,116,130,145,159,174,188-189,203,217,232,246,261,275,290,303-304,319,336,352,365-366,381,395,410,439,452,468,497,510,526,555,568,584,613,642,655,671,684,700,713-714,729,742-743,758,790,819,832,834,848,861,877,890,906,919,935,964,977,993,1006,1022,1035,1051,1065,1080,1094,1109,1123,1138,1167,1198,1211-1212,1227,1241,1256,1269-1270,1285,1298-1299,1314,1331,1345,1374,1388,1403,1417,1432,1445,1461,1474,1490,1519,1532,1548,1561,1577,1590,1606,1619-1620,1635,1649,1664,1677-1678,1693,1707,1722,1736,1751,1782,1814,1828,1843,1856-1857,1872,1885-1886,1901,1914-1915,1930,1962,1976,1991,2004,2020,2033,2049,2078,2091,2107,2120,2136,2149,2165,2178,2194,2207,2223,2254,2268,2283,2297,2312,2325-2326,2341,2354,2370,2383,2399,2428,2441,2457,2470,2486,2499,2515,2528,2544,2573,2586,2588,2602,2615,2631,2644,2660,2673,2689,2702,2718,2732,2747,2760,2776,2790,2805,2818,2834,2847-2848,2863,2877,2892,2905,2921,2934,2950,2964,2979,2993,3008,3021,3037,3050,3066,3079-3080,3095,3108,3124,3137,3153,3166,3182,3195,3211,3224,3240,3253-3254,3269,3282,3298,3311-3312,3327,3340,3356,3369,3385,3399,3414,3427,3443,3456,3472,3485,3501,3514-3515,3530,3543-3544,3559,3573-3574,3588,3601,3617,3630-3631,3646,3660,3675,3689,3704,3718,3733,3770,3783-3784,3799,3813,3828,3841-3842,3857,3871,3886,3900,3915,3928-3929,3944,3957-3958,3973,3986-3987,4002,4016,4031,4044,4060,4073,4089,4102,4118,4132,4147,4160,4176,4189,4205,4234,4247,4263,4276,4292,4305-4306,4321,4334-4335,4350,4363-4364,4379,4393-4394,4408,4422-4423,4437,4468,4481-4482,4497,4510-4511,4526,4555,4569-4570,4584,4597,4613,4626,4642,4673,4704,4717
---
{
  "schema_version": "authorship/3.0.0",
  "git_ai_version": "1.7.4",
  "base_commit_sha": "b7b2a1ff303b304fc02c432d1a77b08a58f22b9c",
  "prompts": {},
  "humans": {
    "h_3aa52f59e1a7c5": {
      "author": "Guillermo López <willyaranda@gmail.com>"
    }
  }
}